50
1 0 0 2 1 
1 1 0 2 1 
2 1 0 1 2 
2 2 0 1 2 
3 2 0 2 1 
3 0 0 1 2 
4 2 1 2 0 
4 1 1 2 0 
5 2 0 2 1 
5 3 1 0 2 
6 0 1 2 0 
6 3 0 2 1 
7 0 2 1 0 
7 3 0 1 2 
8 4 1 2 0 
8 2 1 0 2 
9 1 0 2 1 
9 2 0 2 1 
10 0 0 2 1 
10 1 0 1 2 
11 0 1 0 2 
11 4 1 2 0 
12 0 1 0 2 
12 4 1 0 2 
13 4 0 1 2 
13 2 2 0 1 
14 0 0 1 2 
14 4 2 0 1 
15 0 0 1 2 
15 3 1 2 0 
16 4 2 0 1 
16 0 0 1 2 
17 1 1 0 2 
17 4 0 1 2 
18 1 0 1 2 
18 0 0 2 1 
19 2 1 0 2 
19 3 1 2 0 
20 3 0 2 1 
20 4 2 1 0 
21 4 2 1 0 
21 0 0 1 2 
22 2 2 0 1 
22 3 0 1 2 
23 0 0 1 2 
23 4 0 2 1 
24 4 1 2 0 
24 3 0 2 1 
25 3 2 0 1 
25 4 2 0 1 
26 1 0 1 2 
26 2 1 2 0 
27 4 0 2 1 
27 3 2 1 0 
28 2 0 1 2 
28 0 2 1 0 
29 1 1 0 2 
29 0 1 0 2 
30 0 0 2 1 
30 4 0 2 1 
31 4 1 0 2 
31 2 1 2 0 
32 4 0 2 1 
32 1 2 1 0 
33 2 2 0 1 
33 0 1 0 2 
34 1 2 0 1 
34 4 0 1 2 
35 0 0 1 2 
35 1 0 1 2 
36 2 0 2 1 
36 1 2 0 1 
37 4 0 2 1 
37 0 2 1 0 
38 1 1 2 0 
38 4 0 2 1 
39 1 1 2 0 
39 2 2 0 1 
40 4 2 0 1 
40 3 0 2 1 
41 4 2 1 0 
41 2 0 2 1 
42 2 2 0 1 
42 1 0 2 1 
43 1 2 1 0 
43 2 1 0 2 
44 4 1 0 2 
44 2 2 0 1 
45 4 2 0 1 
45 3 2 0 1 
46 3 2 0 1 
46 0 1 0 2 
47 2 2 1 0 
47 1 1 0 2 
48 3 0 2 1 
48 1 0 1 2 
49 1 1 0 2 
49 2 0 2 1 
50 1 2 1 0 
50 3 0 1 2 
